0.867469879518
(806, 8)
0.867469879518 0.879518072289
(804, 8)
0.879518072289 0.867469879518
(802, 8)
0.867469879518 0.89156626506
(800, 8)
0.89156626506 0.879518072289
(798, 8)
0.867469879518 0.867469879518
(796, 8)
0.867469879518 0.855421686747
(794, 8)
0.879518072289 0.867469879518
(792, 8)
0.855421686747 0.855421686747
(790, 8)
0.843373493976 0.855421686747
(788, 8)
0.867469879518 0.867469879518
(786, 8)
0.855421686747 0.843373493976
(784, 8)
0.831325301205 0.831325301205
(782, 8)
0.831325301205 0.831325301205
(780, 8)
0.843373493976 0.831325301205
(778, 8)
0.831325301205 0.843373493976
(776, 8)
0.831325301205 0.819277108434
(774, 8)
0.831325301205 0.819277108434
(772, 8)
0.843373493976 0.831325301205
(770, 8)
0.843373493976 0.843373493976
(768, 8)
0.819277108434 0.819277108434
(766, 8)
0.831325301205 0.831325301205
(764, 8)
0.843373493976 0.831325301205
(762, 8)
0.843373493976 0.831325301205
(760, 8)
0.843373493976 0.831325301205
(758, 8)
0.831325301205 0.831325301205
(756, 8)
0.831325301205 0.819277108434
(754, 8)
0.831325301205 0.831325301205
(752, 8)
0.843373493976 0.831325301205
(750, 8)
0.831325301205 0.843373493976
(748, 8)
0.831325301205 0.831325301205
(746, 8)
0.831325301205 0.843373493976
(744, 8)
0.831325301205 0.831325301205
(742, 8)
0.831325301205 0.843373493976
(740, 8)
0.819277108434 0.855421686747
(738, 8)
0.831325301205 0.831325301205
(736, 8)
0.843373493976 0.855421686747
(734, 8)
0.831325301205 0.831325301205
(732, 8)
0.831325301205 0.831325301205
(730, 8)
0.843373493976 0.831325301205
(728, 8)
0.831325301205 0.831325301205
(726, 8)
0.843373493976 0.843373493976
(724, 8)
0.819277108434 0.819277108434
(722, 8)
0.807228915663 0.831325301205
(720, 8)
0.831325301205 0.807228915663
(718, 8)
0.831325301205 0.807228915663
(716, 8)
0.831325301205 0.795180722892
(714, 8)
0.807228915663 0.807228915663
(712, 8)
0.807228915663 0.807228915663
(710, 8)
0.807228915663 0.819277108434
(708, 8)
0.795180722892 0.807228915663
(706, 8)
0.807228915663 0.819277108434
(704, 8)
0.795180722892 0.795180722892
(702, 8)
0.807228915663 0.807228915663
(700, 8)
0.807228915663 0.795180722892
(698, 8)
0.795180722892 0.795180722892
(696, 8)
0.795180722892 0.795180722892
(694, 8)
0.807228915663 0.795180722892
(692, 8)
0.807228915663 0.795180722892
(690, 8)
0.795180722892 0.78313253012
(688, 8)
0.795180722892 0.795180722892
(686, 8)
0.807228915663 0.795180722892
(684, 8)
0.795180722892 0.795180722892
(682, 8)
0.795180722892 0.795180722892
(680, 8)
0.795180722892 0.78313253012
(678, 8)
0.78313253012 0.795180722892
