0.746987951807
(806, 8)
0.746987951807 0.746987951807
(804, 8)
0.746987951807 0.746987951807
(802, 8)
0.746987951807 0.746987951807
(800, 8)
0.746987951807 0.759036144578
(798, 8)
0.759036144578 0.759036144578
(796, 8)
0.759036144578 0.759036144578
(794, 8)
0.759036144578 0.759036144578
(792, 8)
0.759036144578 0.759036144578
(790, 8)
0.759036144578 0.771084337349
(788, 8)
0.771084337349 0.771084337349
(786, 8)
0.771084337349 0.771084337349
(784, 8)
0.771084337349 0.771084337349
(782, 8)
0.771084337349 0.771084337349
(780, 8)
0.771084337349 0.771084337349
(778, 8)
0.771084337349 0.771084337349
(776, 8)
0.771084337349 0.771084337349
(774, 8)
0.771084337349 0.771084337349
(772, 8)
0.771084337349 0.771084337349
(770, 8)
0.771084337349 0.771084337349
(768, 8)
0.771084337349 0.771084337349
(766, 8)
0.771084337349 0.771084337349
(764, 8)
0.771084337349 0.771084337349
(762, 8)
0.771084337349 0.771084337349
(760, 8)
0.771084337349 0.771084337349
(758, 8)
0.771084337349 0.771084337349
(756, 8)
0.771084337349 0.771084337349
(754, 8)
0.771084337349 0.78313253012
(752, 8)
0.78313253012 0.78313253012
(750, 8)
0.78313253012 0.78313253012
(748, 8)
0.78313253012 0.78313253012
(746, 8)
0.78313253012 0.78313253012
(744, 8)
0.78313253012 0.78313253012
(742, 8)
0.78313253012 0.78313253012
(740, 8)
0.78313253012 0.78313253012
(738, 8)
0.78313253012 0.78313253012
(736, 8)
0.78313253012 0.78313253012
(734, 8)
0.78313253012 0.771084337349
(732, 8)
0.771084337349 0.771084337349
(730, 8)
0.771084337349 0.771084337349
(728, 8)
0.771084337349 0.759036144578
(726, 8)
0.759036144578 0.759036144578
(724, 8)
0.759036144578 0.759036144578
(722, 8)
0.759036144578 0.759036144578
(720, 8)
0.759036144578 0.759036144578
(718, 8)
0.759036144578 0.759036144578
(716, 8)
0.759036144578 0.746987951807
(714, 8)
0.746987951807 0.746987951807
(712, 8)
0.746987951807 0.746987951807
(710, 8)
0.746987951807 0.746987951807
(708, 8)
0.746987951807 0.746987951807
(706, 8)
0.746987951807 0.746987951807
(704, 8)
0.746987951807 0.746987951807
(702, 8)
0.746987951807 0.746987951807
(700, 8)
0.746987951807 0.746987951807
(698, 8)
0.746987951807 0.746987951807
(696, 8)
0.746987951807 0.746987951807
(694, 8)
0.746987951807 0.746987951807
(692, 8)
0.746987951807 0.746987951807
(690, 8)
0.746987951807 0.746987951807
(688, 8)
0.746987951807 0.746987951807
(686, 8)
0.746987951807 0.746987951807
(684, 8)
0.746987951807 0.746987951807
(682, 8)
0.746987951807 0.746987951807
(680, 8)
0.746987951807 0.746987951807
(678, 8)
0.746987951807 0.746987951807
